8 31 6 3
6 6
764 42 970 389 807 546 281 17
304 437 471 339 128 811 665 190
816 720 555 786 473 986 665 346
346 255 612 51 936 83 232 136
524 997 728 97 806 304 695 66
962 513 564 991 584 747 316 782
354 804 75 29 294 612 965 241
939 915 106 791 838 730 577 375
5 6 4
5 3 3
6 1 4
2 6 1
6 3 4
3 2 3
1 2 0
1 4 0
5 1 3
2 3 1
6 4 5
5 2 2
4 5 2
2 2 3
1 3 3
3 4 5
3 5 1
3 3 0
3 1 5
2 4 2
5 4 2
5 5 2
2 1 1
1 5 1
3 6 4
4 2 0
4 4 4
1 6 5
4 3 0
6 5 3
6 2 2
0 709 224 633 53 448
257 0 604 175 115 503
259 719 0 524 917 79
135 142 870 0 220 586
144 34 324 517 0 602
418 549 369 669 233 0
